Polarization of Light 'Brewsters' Data File Wed, Jan 21, 2026 10:26 AM
Sensor Position (Degrees)	Light Intensity (Volts)
180.00000	0.94357
180.00000	0.94679
180.00000	0.94534
180.00000	0.94453
180.00000	0.94179
180.00000	0.93954
180.00000	0.93632
180.00000	0.93567
180.00000	0.93938
180.00000	0.94357
180.00000	0.94002
180.00000	0.94550
180.00000	0.94244
180.00000	0.93696
180.00000	0.93793
180.00000	0.93712
180.00000	0.92858
180.00000	0.94002
180.00000	0.93616
180.00000	0.93310
180.00000	0.93777
180.00000	0.93229
180.00000	0.93922
180.00000	0.94373
180.00000	0.93632
180.00000	0.93293
180.00000	0.92955
180.00000	0.93648
180.00000	0.92794
180.00000	0.93310
180.00000	0.95371
180.00000	1.24543
180.00000	1.76686
180.00000	1.94244
180.01667	1.99382
180.03333	1.93889
180.05000	1.60287
180.03333	1.49833
180.03333	1.45887
180.05000	1.55503
180.05000	1.73110
180.05000	1.67810
180.03333	1.96853
180.00000	1.84965
179.96667	1.83773
179.91667	1.89927
179.90000	1.72997
179.86667	1.75800
179.85000	1.89894
179.83333	1.97578
179.83333	1.29762
179.81667	1.20790
179.81667	1.20387
179.76667	1.20275
179.73333	1.19356
179.71667	1.18358
179.68333	1.33789
179.66667	1.58838
179.65000	1.72417
179.65000	1.53683
179.65000	1.10932
179.65000	0.97755
179.65000	1.10159
179.65000	1.11979
179.65000	1.10932
179.61667	1.21257
179.56667	1.04489
179.50000	0.86721
179.40000	1.02056
179.31667	0.88123
179.21667	1.20613
179.13333	0.94469
179.03333	1.10771
178.93333	1.28297
178.85000	1.47578
178.75000	1.25236
178.66667	1.08741
178.56667	0.82598
178.53333	0.83419
178.50000	2.12607
178.45000	1.59820
178.40000	1.68438
178.33333	1.60690
178.26667	1.27249
178.21667	1.10416
178.18333	1.12349
178.15000	1.19099
178.11667	1.20484
178.06667	1.14154
178.00000	1.39653
177.91667	1.64025
177.85000	1.28184
177.78333	1.23351
177.73333	1.13235
177.68333	1.06325
177.63333	1.17649
177.60000	1.06502
177.55000	1.05568
177.46667	1.87204
177.38333	1.93293
177.30000	1.00252
177.25000	0.85706
177.18333	1.08580
177.15000	1.25655
177.11667	1.32082
177.08333	1.26621
177.05000	1.30278
177.01667	1.32952
176.95000	1.17230
176.88333	1.11029
176.81667	0.91103
176.75000	0.92118
176.70000	1.08049
176.63333	1.23545
176.58333	1.35851
176.53333	1.13831
176.48333	0.96515
176.45000	1.45130
176.43333	1.97111
176.38333	1.95822
176.31667	1.93728
176.25000	1.95887
176.18333	1.61979
176.15000	1.26670
176.11667	1.00913
176.06667	1.26815
176.03333	1.38106
175.98333	1.32501
175.93333	1.06953
175.86667	1.25268
175.81667	1.89476
175.78333	2.05407
175.76667	2.01476
175.76667	1.91409
175.75000	1.90200
175.73333	1.57758
175.68333	1.28973
175.63333	1.28135
175.58333	1.10900
175.53333	1.26106
175.48333	1.27105
175.41667	1.38799
175.31667	1.25284
175.23333	1.39347
175.15000	1.61850
175.08333	1.56647
175.03333	1.45935
174.98333	1.37172
174.95000	1.32791
174.86667	1.12366
174.76667	1.19695
174.66667	1.31260
174.56667	1.46676
174.48333	1.52233
174.41667	1.48641
174.36667	1.54247
174.35000	1.49640
174.33333	1.47111
174.31667	1.44743
174.26667	1.46128
174.21667	2.27088
174.15000	1.86222
174.06667	1.60271
173.98333	1.37800
173.93333	1.11689
173.91667	1.44759
173.88333	1.62833
173.86667	1.60271
173.83333	1.39057
173.78333	1.13300
173.71667	1.36657
173.65000	1.83097
173.55000	2.46499
173.45000	1.65941
173.36667	1.67504
173.28333	1.22723
173.20000	1.17198
173.10000	1.11254
173.01667	1.13880
172.93333	1.46531
172.85000	1.64669
172.75000	1.36351
172.63333	2.62398
172.51667	2.20806
172.41667	2.72691
172.35000	1.57243
172.28333	1.23561
172.21667	1.38622
172.18333	1.53844
172.13333	1.72562
172.08333	1.72191
172.05000	1.63461
171.98333	1.52394
171.93333	1.50961
171.86667	2.22417
171.80000	2.74705
171.70000	1.83805
171.61667	1.32259
171.53333	1.36898
171.48333	1.33048
171.45000	1.45226
171.41667	1.50333
171.40000	1.61834
171.36667	1.81003
171.35000	1.71724
171.30000	1.28441
171.23333	1.39298
171.20000	1.54021
171.13333	2.01009
171.10000	2.54827
171.06667	2.60256
171.05000	2.66038
171.01667	3.11029
170.98333	3.10095
170.93333	2.63606
170.88333	2.08322
170.83333	2.69534
170.78333	3.17875
170.75000	3.34612
170.71667	1.98754
170.70000	1.49350
170.70000	1.61544
170.66667	1.84836
170.63333	2.54650
170.58333	3.25012
170.51667	3.38366
170.45000	3.40105
170.35000	3.10015
170.23333	1.55713
170.10000	0.97498
169.98333	1.40845
169.86667	3.30988
169.75000	2.02169
169.63333	2.17423
169.53333	2.68761
169.41667	3.23691
169.33333	3.44841
169.25000	3.82326
169.15000	3.16184
169.05000	1.45420
168.91667	0.85916
168.80000	1.93664
168.68333	3.49996
168.60000	1.24028
168.51667	0.93213
168.43333	0.81583
168.36667	0.81373
168.30000	0.90023
168.21667	1.41634
168.13333	2.96000
168.05000	3.35547
167.98333	2.62446
167.93333	1.79923
167.88333	1.38928
167.83333	0.99157
167.78333	0.98271
167.73333	2.51976
167.70000	3.81730
167.65000	2.26315
167.58333	0.93873
167.51667	1.18374
167.45000	2.80423
167.36667	3.81359
167.30000	3.30215
167.20000	2.01541
167.11667	2.18970
167.01667	3.44294
166.93333	3.56311
166.85000	3.61240
166.80000	3.82471
166.75000	3.82213
166.68333	3.36110
166.63333	2.74415
166.56667	1.53135
166.48333	1.55519
166.41667	1.74785
166.33333	1.02781
166.23333	0.66071
166.13333	1.03039
166.01667	0.82888
165.90000	1.27024
165.78333	1.71354
165.68333	1.44437
165.58333	0.89089
165.46667	0.75317
165.35000	1.06824
165.23333	0.76799
165.13333	1.74640
165.03333	1.09965
164.95000	1.05503
164.91667	1.38493
164.90000	2.07855
164.90000	2.05584
164.90000	1.87768
164.88333	1.81373
164.88333	0.48013
164.88333	0.34756
164.88333	0.27057
164.86667	0.24882
164.86667	0.24350
164.83333	0.23545
164.80000	0.24818
164.76667	0.27314
164.75000	0.26783
164.71667	0.22772
164.63333	0.16989
164.50000	0.12028
164.33333	0.12865
164.18333	0.15990
164.03333	0.37285
163.90000	0.98174
163.80000	1.16618
163.73333	1.54392
163.70000	2.14347
163.66667	1.19437
163.63333	0.98641
163.58333	1.08773
163.53333	1.37800
163.46667	1.04634
163.40000	0.95452
163.33333	1.14057
163.26667	1.28216
163.18333	1.13880
163.08333	1.32436
163.01667	1.11979
162.96667	1.14830
162.90000	1.46322
162.83333	1.45710
162.73333	1.37833
162.65000	1.65168
162.56667	1.09482
162.48333	0.88090
162.40000	1.09659
162.35000	0.78168
162.26667	1.70468
162.18333	2.07436
162.08333	1.16328
161.98333	0.78361
161.91667	1.35561
161.81667	2.05181
161.71667	1.00462
161.60000	1.03506
161.46667	1.20130
161.36667	0.97788
161.28333	1.05342
161.23333	1.11705
161.21667	1.18068
161.21667	1.30697
161.21667	0.90861
161.21667	1.46595
161.21667	2.22127
161.21667	1.06744
161.20000	0.93922
161.20000	1.92262
161.20000	1.06502
161.20000	1.36463
161.18333	1.41779
161.16667	1.37478
161.11667	1.15313
161.05000	1.06550
160.96667	1.07791
160.88333	1.02217
160.76667	1.07340
160.68333	1.40039
160.58333	3.17070
160.48333	2.27250
160.35000	0.68245
160.21667	1.18309
160.08333	1.36914
159.95000	1.55036
159.80000	2.18551
159.63333	1.14717
159.48333	1.86318
159.35000	1.44727
159.20000	0.70404
159.06667	1.00607
158.95000	0.63123
158.85000	0.64605
158.73333	0.58951
158.63333	0.90201
158.51667	1.08902
158.43333	1.07726
158.36667	1.21402
158.33333	1.18938
158.30000	1.16731
158.28333	1.15732
158.23333	1.03570
158.11667	1.12204
158.00000	1.08387
157.83333	1.07388
157.63333	1.09756
157.41667	0.75413
157.18333	0.61319
156.93333	0.58178
156.71667	0.46032
156.51667	0.13107
156.36667	0.10803
156.28333	0.13187
156.21667	0.18294
156.21667	0.67053
156.20000	0.64556
156.18333	1.16505
156.16667	0.81502
156.13333	0.87446
156.11667	0.56857
156.10000	0.35095
156.10000	0.28232
156.06667	0.31309
156.01667	0.51702
155.95000	0.53732
155.88333	0.52379
155.83333	0.51879
155.76667	0.46870
155.70000	0.84096
155.63333	1.08065
155.58333	0.81180
155.53333	0.99076
155.50000	0.86367
155.45000	1.01106
155.41667	0.98512
155.36667	0.82630
155.31667	0.72691
155.28333	0.71612
155.21667	0.81116
155.16667	0.97933
155.10000	0.97788
155.01667	0.98061
154.91667	0.62172
154.81667	1.22047
154.70000	0.80214
154.60000	0.87817
154.50000	1.18889
154.41667	0.69292
154.31667	0.56438
154.20000	0.94099
154.08333	0.73094
153.96667	0.86625
153.86667	0.64347
153.76667	0.73303
153.70000	0.75687
153.68333	0.78458
153.65000	0.78297
153.63333	0.70935
153.60000	0.65974
153.56667	0.59821
153.53333	0.52330
153.51667	0.43422
153.50000	0.41715
153.48333	0.40942
153.46667	0.40652
153.46667	0.39524
153.46667	0.39234
153.45000	0.43133
153.41667	0.57855
153.38333	0.78281
153.33333	0.54763
153.30000	0.30794
153.26667	0.15910
153.25000	0.13123
153.25000	0.12608
153.23333	0.12350
153.21667	0.12881
153.18333	0.15861
153.16667	0.18632
153.11667	0.15088
153.01667	0.21596
152.90000	0.45823
152.76667	0.53941
152.66667	0.51396
152.58333	0.47901
152.53333	0.48319
152.46667	0.26074
152.40000	0.14202
152.33333	0.09821
152.25000	0.11077
152.15000	0.12591
152.08333	0.14041
152.03333	0.15217
152.01667	0.16071
152.00000	0.18358
151.98333	0.22482
151.96667	0.28265
151.96667	0.36754
151.96667	0.37237
151.95000	0.39830
151.95000	0.39959
151.93333	0.37785
151.90000	0.34821
151.85000	0.35014
151.81667	0.35513
151.76667	0.35095
151.71667	0.33033
151.65000	0.31454
151.56667	0.28329
151.48333	0.24946
151.40000	0.19727
151.31667	0.16312
151.25000	0.13187
151.18333	0.10143
151.13333	0.09128
151.11667	0.08162
151.10000	0.07211
151.10000	0.05971
151.06667	0.05842
151.01667	0.04876
150.95000	0.04602
150.90000	0.04070
150.85000	0.04183
150.81667	0.04505
150.78333	0.03345
150.71667	0.02878
150.65000	0.04392
150.60000	0.06519
150.53333	0.08097
150.50000	0.10916
150.45000	0.18407
150.43333	0.25639
150.41667	0.23448
150.40000	0.16264
150.40000	0.07856
150.38333	0.03184
150.38333	0.00478
150.35000	0.00172
150.31667	0.00124
150.28333	-0.00150
150.25000	0.00011
150.25000	-0.00053
150.23333	-0.00102
150.21667	-0.00005
150.20000	-0.00005
150.18333	0.00156
150.16667	0.00285
150.16667	-0.00021
150.16667	0.00011
150.15000	0.13059
150.15000	0.15040
150.13333	-0.00021
150.11667	-0.00053
150.11667	0.17762
150.10000	0.10079
150.10000	0.01042
150.08333	0.00543
150.08333	0.01203
150.08333	0.03345
150.08333	0.04988
150.03333	0.06551
149.96667	0.09225
149.88333	0.05278
149.80000	0.05166
149.70000	0.06470
149.60000	0.04537
149.53333	0.02524
149.50000	0.02443
149.46667	0.01122
149.43333	0.00349
149.38333	0.00398
149.30000	0.01139
149.20000	0.01638
149.06667	0.02137
148.95000	0.02153
148.85000	0.00269
148.80000	0.00027
148.76667	-0.00053
148.75000	-0.00021
148.70000	0.00124
148.63333	0.00124
148.58333	0.00108
148.51667	-0.00037
148.43333	0.00027
148.35000	0.00285
148.26667	0.00108
148.18333	0.00092
148.10000	0.00156
148.05000	0.00075
148.00000	0.01557
147.98333	-0.00021
147.98333	-0.00021
147.98333	-0.00021
147.96667	0.18342
147.95000	0.00059
147.93333	-0.00053
147.91667	-0.00021
147.90000	-0.00037
147.90000	-0.00198
147.90000	-0.00053
147.90000	0.00027
147.90000	-0.00037
147.90000	-0.00021
147.88333	0.00349
147.88333	0.00269
147.88333	-0.00021
147.88333	-0.00005
147.86667	0.00446
147.85000	0.00140
147.81667	-0.00021
147.76667	-0.00037
147.73333	0.03587
147.71667	0.00381
147.71667	-0.00037
147.70000	-0.00037
147.66667	0.21548
147.65000	0.00172
147.58333	0.00172
147.51667	-0.00021
147.43333	-0.00134
147.31667	0.00349
147.16667	0.00236
146.98333	-0.00037
146.81667	-0.00021
146.70000	-0.00021
146.63333	0.00349
146.56667	-0.00198
146.50000	0.00075
146.40000	0.00172
146.25000	-0.00166
146.06667	-0.00182
145.86667	0.00011
145.66667	0.00398
145.50000	0.00059
145.35000	0.00172
145.25000	0.00188
145.18333	-0.00021
145.11667	0.00011
145.05000	-0.00021
145.00000	-0.00360
144.98333	-0.00086
144.96667	-0.00150
144.96667	-0.00134
144.96667	-0.00102
144.96667	-0.00086
144.96667	-0.00070
144.96667	0.00124
144.95000	-0.00005
144.91667	-0.00021
144.90000	0.03941
144.88333	0.00462
144.88333	0.00510
144.86667	-0.00021
144.85000	0.30633
144.83333	-0.00102
144.78333	-0.00166
144.75000	-0.00198
144.65000	-0.00134
144.55000	-0.00279
144.45000	-0.00102
144.35000	-0.00134
144.28333	-0.00086
144.20000	-0.00182
144.11667	-0.00118
144.03333	0.00043
143.96667	0.00285
143.86667	-0.00037
143.78333	-0.00053
143.70000	0.00236
143.61667	0.00430
143.50000	0.00349
143.38333	0.00349
143.25000	0.00398
143.10000	0.00172
142.98333	0.00462
142.86667	0.00446
142.75000	0.00204
142.58333	0.00478
142.41667	0.00510
142.25000	0.00253
142.10000	0.00220
141.96667	0.00027
141.85000	0.00398
141.75000	0.00591
141.66667	0.00365
141.58333	0.00462
141.48333	0.00430
141.36667	0.00236
141.26667	0.00349
141.15000	0.00398
141.01667	0.00381
140.96667	0.00446
140.98333	-0.00118
140.98333	-0.00070
141.00000	-0.00134
141.00000	-0.00166
141.00000	-0.00215
141.00000	-0.00166
141.00000	-0.00166
141.00000	-0.00086
141.00000	-0.00118
141.00000	-0.00086